# oST version 5.0 parameters


[image]

width
640

height
480

[narrow_stereo]

camera matrix
650.946808 0.000000 287.721261
0.000000 650.712331 263.182527
0.000000 0.000000 1.000000

distortion
0.073735 -0.158288 0.012436 -0.002795 0.000000

rectification
1.000000 0.000000 0.000000
0.000000 1.000000 0.000000
0.000000 0.000000 1.000000

projection
659.644409 0.000000 285.741387 0.000000
0.000000 656.808533 267.470233 0.000000
0.000000 0.000000 1.000000 0.000000

