%YAML:1.0
---
model_type: PINHOLE
camera_name: camera
image_width: 1280
image_height: 720
distortion_parameters:
   k1: -0.171466
   k2: 0.0246144
   p1: 0.0
   p2: 0.0
projection_parameters:
   fx: 698.939
   fy: 698.939
   cx: 641.868
   cy: 385.788

